a v 92
a f 180
m
v -1.000000 -0.900000 -1.000000
v -1.500000 0.633177 -0.733131
v 1.000000 -0.900000 -1.000000
v 1.000000 1.000000 -1.000000
v -1.500000 -0.536823 0.000000
v -1.500000 0.633177 0.000000
v 1.000000 -0.900000 0.000000
v 1.000000 1.000000 0.000000
v -1.500000 0.119439 -0.990000
v -1.500000 -0.105121 -0.990000
v 1.000000 -0.200000 -1.400000
v 1.000000 0.200000 -1.400000
v -1.000000 0.200000 -4.900000
v -1.000000 -0.200000 -5.400000
v 1.000000 -0.200000 -5.400000
v 1.000000 0.200000 -4.900000
v -1.000000 -0.000000 -6.200000
v -1.000000 -0.200000 -6.200000
v 1.000000 -0.200000 -6.200000
v 1.000000 -0.000000 -6.200000
v -1.000000 4.200000 -5.400000
v 1.000000 4.200000 -5.400000
v -1.000000 4.200000 -5.800000
v 1.000000 4.200000 -5.800000
v 1.000000 -3.200000 -5.400000
v -1.000000 -3.200000 -5.400000
v 1.000000 -3.200000 -5.800000
v -1.000000 -3.200000 -5.800000
v -1.000000 1.200000 -5.400000
v -1.000000 1.200000 -6.050000
v 1.000000 1.200000 -6.050000
v 1.000000 1.200000 -5.400000
v 5.200000 -0.235000 -0.383936
v 5.200000 0.315000 -0.000000
v 5.200000 -0.235000 -0.000000
v 5.200000 0.315000 -0.376393
v 5.300000 -0.031887 -0.500000
v 5.300000 0.067786 -0.500000
v -1.000000 -0.900000 1.000000
v -1.500000 0.633177 0.733131
v 1.000000 -0.900000 1.000000
v 1.000000 1.000000 1.000000
v -1.500000 0.119439 0.990000
v -1.500000 -0.105121 0.990000
v 1.000000 -0.200000 1.400000
v 1.000000 0.200000 1.400000
v -1.000000 0.200000 4.900000
v -1.000000 -0.200000 5.400000
v 1.000000 -0.200000 5.400000
v 1.000000 0.200000 4.900000
v -1.000000 -0.000000 6.200000
v -1.000000 -0.200000 6.200000
v 1.000000 -0.200000 6.200000
v 1.000000 -0.000000 6.200000
v -1.000000 4.200000 5.400000
v 1.000000 4.200000 5.400000
v -1.000000 4.200000 5.800000
v 1.000000 4.200000 5.800000
v 1.000000 -3.200000 5.400000
v -1.000000 -3.200000 5.400000
v 1.000000 -3.200000 5.800000
v -1.000000 -3.200000 5.800000
v -1.000000 1.200000 5.400000
v -1.000000 1.200000 6.050000
v 1.000000 1.200000 6.050000
v 1.000000 1.200000 5.400000
v 5.200000 -0.235000 0.383936
v 5.200000 0.315000 0.376393
v 5.300000 -0.031887 0.500000
v 5.300000 0.067786 0.500000
v 5.300000 0.115000 0.000000
v 5.300000 -0.085000 0.000000
v 4.200000 0.115000 -0.700000
v 4.200000 0.515000 -0.500000
v 4.200000 0.515000 -0.000000
v 4.200000 -0.435000 -0.500000
v 4.200000 -0.085000 -0.700000
v 4.200000 -0.435000 -0.000000
v 4.200000 0.115000 0.700000
v 4.200000 0.515000 0.500000
v 4.200000 -0.435000 0.500000
v 4.200000 -0.085000 0.700000
v -1.000000 1.000000 -1.000000
v -1.000000 1.000000 0.000000
v -1.000000 0.200000 -1.400000
v -1.000000 -0.200000 -1.400000
v -1.500000 -0.536823 -0.743313
v -1.000000 -0.900000 0.000000
v -1.000000 1.000000 1.000000
v -1.000000 0.200000 1.400000
v -1.000000 -0.200000 1.400000
v -1.500000 -0.536823 0.743313
c
f 8 83 84
f 7 76 78
f 1 7 88
f 86 15 11
f 1 11 3
f 4 85 83
f 87 9 10
f 14 17 18
f 12 13 85
f 86 13 14
f 11 16 12
f 17 19 18
f 15 20 16
f 19 28 18
f 29 23 30
f 22 23 21
f 30 24 31
f 32 24 22
f 32 21 29
f 26 27 25
f 15 27 19
f 14 25 15
f 14 28 26
f 16 29 13
f 20 32 16
f 17 31 20
f 17 29 30
f 2 5 6
f 8 74 4
f 3 77 76
f 4 73 12
f 12 77 11
f 89 8 84
f 7 81 41
f 7 39 88
f 49 91 45
f 45 39 41
f 90 42 89
f 92 43 40
f 48 51 47
f 47 46 90
f 91 47 90
f 50 45 46
f 53 51 52
f 54 49 50
f 62 53 52
f 57 63 64
f 57 56 55
f 58 64 65
f 66 58 65
f 55 66 63
f 61 60 59
f 61 49 53
f 59 48 49
f 48 62 52
f 63 50 47
f 66 54 50
f 65 51 54
f 51 63 47
f 5 40 6
f 80 8 42
f 41 82 45
f 79 42 46
f 82 46 45
f 36 71 38
f 37 71 72
f 72 33 37
f 67 72 69
f 69 71 70
f 71 68 70
f 36 73 74
f 36 75 34
f 33 77 37
f 37 73 38
f 33 78 76
f 68 79 70
f 68 75 80
f 67 82 81
f 69 79 82
f 67 78 35
f 2 84 83
f 10 85 86
f 87 86 1
f 2 85 9
f 87 88 5
f 40 84 6
f 44 90 43
f 92 91 44
f 40 90 89
f 92 88 39
f 8 4 83
f 7 3 76
f 1 3 7
f 86 14 15
f 1 86 11
f 4 12 85
f 87 2 9
f 14 13 17
f 12 16 13
f 86 85 13
f 11 15 16
f 17 20 19
f 15 19 20
f 19 27 28
f 29 21 23
f 22 24 23
f 30 23 24
f 32 31 24
f 32 22 21
f 26 28 27
f 15 25 27
f 14 26 25
f 14 18 28
f 16 32 29
f 20 31 32
f 17 30 31
f 17 13 29
f 2 87 5
f 8 75 74
f 3 11 77
f 4 74 73
f 12 73 77
f 89 42 8
f 7 78 81
f 7 41 39
f 49 48 91
f 45 91 39
f 90 46 42
f 92 44 43
f 48 52 51
f 47 50 46
f 91 48 47
f 50 49 45
f 53 54 51
f 54 53 49
f 62 61 53
f 57 55 63
f 57 58 56
f 58 57 64
f 66 56 58
f 55 56 66
f 61 62 60
f 61 59 49
f 59 60 48
f 48 60 62
f 63 66 50
f 66 65 54
f 65 64 51
f 51 64 63
f 5 92 40
f 80 75 8
f 41 81 82
f 79 80 42
f 82 79 46
f 36 34 71
f 37 38 71
f 72 35 33
f 67 35 72
f 69 72 71
f 71 34 68
f 36 38 73
f 36 74 75
f 33 76 77
f 37 77 73
f 33 35 78
f 68 80 79
f 68 34 75
f 67 69 82
f 69 70 79
f 67 81 78
f 2 6 84
f 10 9 85
f 87 10 86
f 2 83 85
f 87 1 88
f 40 89 84
f 44 91 90
f 92 39 91
f 40 43 90
f 92 5 88
