a v 44
a f 84
m
v -1.000000 1.121703 1.000000
v -1.000000 3.121703 1.000000
v -1.000000 1.121703 -1.000000
v -1.000000 3.121703 -1.000000
v 1.000000 1.121703 1.000000
v 1.000000 3.121703 1.000000
v 1.000000 1.121703 -1.000000
v 2.671045 4.943191 -4.145743
v 0.000000 1.121703 -1.000000
v 0.090638 4.011832 -2.568938
v 0.000000 1.121703 1.000000
v 0.000000 3.121703 1.000000
v -1.000000 1.121703 0.000000
v -1.000000 3.121703 0.000000
v 1.000000 1.121703 0.000000
v 2.777654 4.283678 -1.565448
v 0.417761 3.632359 -0.786436
v 0.000000 1.121703 0.000000
v -1.000000 3.121703 -0.500000
v 1.000000 1.121703 -0.500000
v -1.000000 1.121703 -0.500000
v 2.920187 4.500278 -2.778576
v 0.254200 3.822095 -1.677687
v 0.000000 1.121703 -0.500000
v 1.212436 4.564104 -3.412994
v 0.500000 1.121703 1.000000
v 0.500000 1.121703 -1.000000
v 0.500000 3.121703 1.000000
v 1.597708 3.958018 -1.175942
v 0.500000 1.121703 0.000000
v 0.500000 1.121703 -0.500000
v 1.587193 4.210798 -2.228131
v -1.000000 2.068594 1.000000
v -1.000000 2.068594 -1.000000
v 1.835522 3.089905 -2.572871
v 1.000000 2.068594 1.000000
v 0.000000 2.068594 1.000000
v 0.045319 2.513658 -1.784469
v 1.888827 2.649581 -0.782724
v -1.000000 2.068594 0.000000
v 1.960094 2.807492 -1.639288
v -1.000000 2.068594 -0.500000
v 0.500000 2.068594 1.000000
v 0.856218 2.844540 -2.206497
c
f 19 34 42
f 25 35 44
f 39 6 36
f 12 33 37
f 15 26 30
f 14 12 17
f 17 28 29
f 18 1 13
f 28 37 43
f 4 38 34
f 24 13 21
f 23 29 32
f 19 17 23
f 20 30 31
f 41 16 39
f 2 40 33
f 35 22 41
f 7 31 27
f 4 23 10
f 10 32 25
f 9 21 3
f 14 42 40
f 25 22 8
f 27 24 9
f 31 18 24
f 32 16 22
f 6 43 36
f 29 6 16
f 30 11 18
f 10 44 38
f 38 27 9
f 36 26 5
f 40 21 13
f 7 41 20
f 33 13 1
f 20 39 15
f 34 9 3
f 43 11 26
f 37 1 11
f 15 36 5
f 44 7 27
f 42 3 21
f 19 4 34
f 25 8 35
f 39 16 6
f 12 2 33
f 15 5 26
f 14 2 12
f 17 12 28
f 18 11 1
f 28 12 37
f 4 10 38
f 24 18 13
f 23 17 29
f 19 14 17
f 20 15 30
f 41 22 16
f 2 14 40
f 35 8 22
f 7 20 31
f 4 19 23
f 10 23 32
f 9 24 21
f 14 19 42
f 25 32 22
f 27 31 24
f 31 30 18
f 32 29 16
f 6 28 43
f 29 28 6
f 30 26 11
f 10 25 44
f 38 44 27
f 36 43 26
f 40 42 21
f 7 35 41
f 33 40 13
f 20 41 39
f 34 38 9
f 43 37 11
f 37 33 1
f 15 39 36
f 44 35 7
f 42 34 3