a v 52
a f 100
m
v 2.211082 0.663464 -0.663464
v 2.211082 -0.663464 -0.663464
v 2.211082 0.663464 0.663464
v 2.211082 -0.663464 0.663464
v -0.668215 0.668215 -2.183469
v -0.668215 -0.668215 -2.183469
v -0.758018 2.037645 0.758018
v -1.000000 -1.000000 1.000000
v 0.668215 0.668215 -2.183469
v 0.668215 -0.668215 -2.183469
v 0.758018 2.037645 0.758018
v 1.000000 -1.000000 1.000000
v 11.033186 0.663464 -0.663464
v 11.033186 -0.663464 -0.663464
v 11.033186 0.663464 0.663464
v 11.033186 -0.663464 0.663464
v 1.000000 -1.000000 -1.000000
v -1.000000 -1.000000 -1.000000
v 0.758018 2.037645 -0.758018
v -0.758018 2.037645 -0.758018
v 0.668215 -0.668215 -10.442646
v -0.668215 -0.668215 -10.442646
v 0.668215 0.668215 -10.442646
v -0.668215 0.668215 -10.442646
v 1.000000 1.000000 1.000000
v -1.000000 1.000000 1.000000
v 1.000000 1.000000 -1.000000
v -1.000000 1.000000 -1.000000
v 0.758018 11.750561 0.758018
v -0.758018 11.750561 0.758018
v 0.758018 11.750561 -0.758018
v -0.758018 11.750561 -0.758018
v -1.000000 -1.000000 7.878182
v -1.000000 1.000000 7.878182
v 1.000000 1.000000 7.878182
v 1.000000 -1.000000 7.878182
v -8.684542 -1.000000 -1.000000
v -8.684542 -1.000000 1.000000
v -8.684542 1.000000 1.000000
v -8.684542 1.000000 -1.000000
v 1.522556 12.646388 1.522556
v -1.522556 12.646388 1.522556
v 1.522556 12.646388 -1.522556
v -1.522556 12.646388 -1.522556
v -0.758018 10.729761 -7.056461
v 0.758018 10.729761 -7.056461
v -1.522556 11.625588 -7.821000
v 1.522556 11.625588 -7.821000
v 6.861214 10.778960 -0.758018
v 6.861214 10.778960 0.758018
v 7.625753 11.674788 -1.522556
v 7.625753 11.674788 1.522556
c
f 7 32 20
f 8 34 26
f 8 37 18
f 17 8 18
f 2 16 4
f 5 22 6
f 2 27 1
f 3 12 4
f 1 25 3
f 4 17 2
f 13 16 14
f 4 15 3
f 3 13 1
f 1 14 2
f 10 18 6
f 9 17 10
f 6 28 5
f 5 27 9
f 24 21 22
f 6 21 10
f 9 24 5
f 10 23 9
f 7 25 11
f 11 27 19
f 20 26 7
f 19 28 20
f 43 47 44
f 11 30 7
f 20 31 19
f 19 29 11
f 35 33 36
f 12 33 8
f 26 35 25
f 25 36 12
f 39 37 38
f 28 39 26
f 18 40 28
f 26 38 8
f 44 41 43
f 41 51 43
f 30 44 32
f 29 42 30
f 45 48 46
f 32 46 31
f 44 45 32
f 43 46 48
f 49 52 50
f 31 50 29
f 41 50 52
f 43 49 31
f 7 30 32
f 8 33 34
f 8 38 37
f 17 12 8
f 2 14 16
f 5 24 22
f 2 17 27
f 3 25 12
f 1 27 25
f 4 12 17
f 13 15 16
f 4 16 15
f 3 15 13
f 1 13 14
f 10 17 18
f 9 27 17
f 6 18 28
f 5 28 27
f 24 23 21
f 6 22 21
f 9 23 24
f 10 21 23
f 7 26 25
f 11 25 27
f 20 28 26
f 19 27 28
f 43 48 47
f 11 29 30
f 20 32 31
f 19 31 29
f 35 34 33
f 12 36 33
f 26 34 35
f 25 35 36
f 39 40 37
f 28 40 39
f 18 37 40
f 26 39 38
f 44 42 41
f 41 52 51
f 30 42 44
f 29 41 42
f 45 47 48
f 32 45 46
f 44 47 45
f 43 31 46
f 49 51 52
f 31 49 50
f 41 29 50
f 43 51 49
