A
v 0.441117 11.547539 -0.441117
v 0.165126 1.703717 -0.165126
v 0.441117 11.547540 0.441117
v 0.165126 1.703717 0.165126
v -0.441117 11.547539 -0.441117
v -0.165126 1.703717 -0.165126
v -0.441117 11.547540 0.441117
v -0.165126 1.703716 0.165126
v 1.578314 17.545277 1.578314
v -1.578314 17.545277 1.578314
v 1.578314 17.545277 -1.578314
v -1.578314 17.545277 -1.578314
v 5.480052 22.175842 5.480052
v -5.480052 22.175842 5.480052
v 5.480052 22.175842 -5.480052
v -5.480052 22.175842 -5.480052
v 13.424070 25.893669 13.424070
v -13.424072 25.893669 13.424072
v 13.424070 25.893669 -13.424070
v -13.424070 25.893669 -13.424070
v 22.636766 29.438925 22.636766
v -22.636770 29.438921 22.636768
v 22.636768 29.438925 -22.636768
v -22.636768 29.438925 -22.636768
v -0.158070 -2.088744 -0.158070
v -0.158070 -2.088745 0.158070
v 0.158070 -2.088745 -0.158070
v 0.158070 -2.088744 0.158070
v -0.245213 -4.720913 -0.245213
v -0.245213 -4.720913 0.245213
v 0.245213 -4.720912 -0.245213
v 0.245213 -4.720913 0.245213
v -0.346981 -9.226970 -0.346981
v -0.346981 -9.226969 0.346981
v 0.346981 -9.226970 -0.346981
v 0.346981 -9.226970 0.346981
v -0.396410 -12.953074 -0.396410
v -0.396410 -12.953075 0.396410
v 0.396410 -12.953074 -0.396410
v 0.396410 -12.953074 0.396410
v 18.453390 33.296772 18.453390
v -18.453390 33.296768 18.453390
v 18.453390 33.296772 -18.453390
v -18.453390 33.296768 -18.453390
v -0.489113 -12.276345 0.489113
v 0.489113 -12.276346 0.489113
v -0.489113 -12.276346 -0.489113
v 0.489113 -12.276346 -0.489113
v -0.227049 1.703717 0.000000
v 0.000000 1.703716 -0.227049
v 0.255958 6.462731 -0.255958
v -0.255958 6.462730 0.255958
v 0.255958 6.462731 0.255958
v -0.255958 6.462731 -0.255958
v -0.000000 11.547537 0.606535
v 0.606535 11.547539 0.000000
v 0.000000 1.703716 0.227049
v -0.606535 11.547537 -0.000000
v 0.000000 11.547539 -0.606535
v 0.227049 1.703716 0.000000
v 0.000000 17.545277 2.170182
v 2.170182 17.545279 -0.000000
v -2.170182 17.545277 0.000000
v -0.000000 17.545279 -2.170182
v -0.795932 15.062305 0.795932
v -0.795932 15.062304 -0.795932
v 0.795932 15.062307 -0.795932
v 0.795932 15.062307 0.795932
v -0.000000 22.175840 7.535072
v 7.535071 22.175840 -0.000000
v -7.535072 22.175842 0.000000
v -0.000000 22.175840 -7.535071
v -3.071827 19.914835 -3.071826
v 3.071826 19.914835 -3.071827
v 3.071827 19.914835 3.071826
v -3.071826 19.914833 3.071826
v 0.000000 25.893669 18.458097
v 18.458097 25.893671 -0.000000
v -18.458096 25.893665 -0.000000
v -0.000000 25.893671 -18.458097
v -8.942715 24.156723 8.942714
v -8.942714 24.156723 -8.942715
v 8.942714 24.156723 8.942715
v 8.942715 24.156725 -8.942715
v 0.000000 29.438925 31.125553
v 31.125553 29.438925 0.000000
v -31.125559 29.438921 -0.000000
v -0.000000 29.438931 -31.125555
v -18.533554 27.531139 -18.533554
v 18.533554 27.531139 -18.533554
v 18.533554 27.531139 18.533554
v -18.533552 27.531139 18.533554
v -0.217346 -2.088744 0.000000
v -0.000000 -2.088745 -0.217346
v 0.000000 -2.088744 0.217346
v 0.217346 -2.088745 -0.000000
v -0.140232 -0.883804 -0.140232
v -0.140232 -0.883804 0.140232
v 0.140232 -0.883804 0.140232
v 0.140232 -0.883804 -0.140232
v -0.337167 -4.720913 0.000000
v -0.000000 -4.720913 -0.337167
v 0.000000 -4.720912 0.337167
v 0.337167 -4.720913 -0.000000
v -0.198095 -3.181142 0.198095
v 0.198095 -3.181142 0.198095
v -0.198095 -3.181142 -0.198095
v 0.198095 -3.181142 -0.198095
v -0.477098 -9.226970 0.000000
v -0.000000 -9.226970 -0.477098
v -0.000000 -9.226969 0.477098
v 0.477098 -9.226970 -0.000000
v 0.290840 -6.909800 0.290840
v 0.290840 -6.909800 -0.290840
v -0.290840 -6.909800 -0.290840
v -0.290840 -6.909799 0.290840
v -0.484082 -12.967348 0.000000
v 0.000000 -12.967348 -0.484082
v 0.000000 -12.967348 0.484082
v 0.484082 -12.967346 -0.000000
v -0.498934 -12.819536 0.498934
v 0.421998 -11.075459 0.421998
v -0.498934 -12.819536 -0.498934
v 0.421998 -11.075459 -0.421998
v -0.000000 33.612484 22.497189
v 22.497187 33.612480 -0.000000
v -22.497189 33.612484 -0.000000
v 0.000000 33.612480 -22.497187
v 23.304884 31.731785 -23.304884
v 23.304886 31.731785 23.304884
v -23.304884 31.731785 23.304884
v -23.304884 31.731785 -23.304884
v -0.421998 -11.075460 0.421998
v 0.498934 -12.819536 0.498934
v -0.421998 -11.075459 -0.421998
v 0.498934 -12.819536 -0.498934
v 0.000000 -12.276345 -0.672530
v 0.672530 -12.276345 0.000000
v -0.672530 -12.276345 0.000000
v 0.000000 -12.276345 0.672530
v -1.094406 15.062305 -0.000000
v -0.000000 6.462731 0.351943
v -0.351943 6.462731 0.000000
v -0.192819 -0.883804 0.000000
v 0.351943 6.462731 0.000000
v 0.000000 6.462731 -0.351943
v 0.000000 19.914837 -4.223762
v 1.094406 15.062304 -0.000000
v -0.000000 15.062304 -1.094406
v 0.000000 15.062304 1.094406
v -12.296230 24.156725 -0.000000
v 4.223762 19.914837 0.000000
v -4.223762 19.914833 -0.000000
v -0.000000 19.914835 4.223762
v 0.000000 27.531139 -25.483637
v 0.000000 24.156723 12.296232
v -0.000000 24.156723 -12.296233
v 12.296233 24.156723 -0.000000
v 32.069138 31.762909 0.000000
v 25.483637 27.531139 0.000000
v -25.483633 27.531139 -0.000000
v 0.000000 27.531141 25.483637
v 0.000000 -3.181142 0.272380
v 0.192819 -0.883804 -0.000000
v -0.000000 -0.883804 -0.192819
v 0.000000 -0.883804 0.192819
v 0.399905 -6.909798 -0.000000
v -0.272380 -3.181142 0.000000
v 0.272380 -3.181143 0.000000
v 0.000000 -3.181143 -0.272380
v -0.000000 -12.820946 0.686742
v -0.000000 -6.909798 -0.399905
v 0.000000 -6.909800 0.399905
v -0.399905 -6.909799 0.000000
v -0.000000 -12.997298 0.000000
v -0.686742 -12.820946 -0.000000
v 0.686742 -12.820946 0.000000
v 0.000000 -12.820946 -0.686742
v -0.000001 34.275032 -0.000000
v -32.069134 31.762909 -0.000000
v -0.000000 31.762909 32.069134
v 0.000000 31.762909 -32.069134
v -0.000000 -11.075460 -0.580247
v 0.580247 -11.075460 -0.000000
v -0.580247 -11.075459 0.000000
v 0.000000 -11.075460 0.580247
c
f 5 141 66
f 7 141 58
f 65 63 141
f 66 63 12
f 4 142 57
f 53 55 142
f 55 52 142
f 142 8 57
f 8 143 49
f 52 58 143
f 58 54 143
f 143 6 49
f 49 98 8
f 49 97 144
f 97 93 144
f 98 93 26
f 2 145 60
f 51 56 145
f 56 53 145
f 145 4 60
f 6 146 50
f 54 59 146
f 59 51 146
f 146 2 50
f 11 147 74
f 12 147 64
f 73 72 147
f 74 72 15
f 3 148 68
f 1 148 56
f 67 62 148
f 68 62 9
f 1 149 67
f 5 149 59
f 66 64 149
f 67 64 11
f 7 150 65
f 3 150 55
f 68 61 150
f 65 61 10
f 16 151 82
f 14 151 71
f 81 79 151
f 82 79 20
f 9 152 75
f 11 152 62
f 74 70 152
f 75 70 13
f 12 153 73
f 10 153 63
f 76 71 153
f 73 71 16
f 10 154 76
f 9 154 61
f 75 69 154
f 76 69 14
f 19 155 90
f 20 155 80
f 89 88 155
f 90 88 23
f 14 156 81
f 13 156 69
f 83 77 156
f 81 77 18
f 15 157 84
f 16 157 72
f 82 80 157
f 84 80 19
f 13 158 83
f 15 158 70
f 84 78 158
f 83 78 17
f 21 159 130
f 23 159 86
f 159 43 126
f 159 41 130
f 17 160 91
f 19 160 78
f 90 86 160
f 91 86 21
f 20 161 89
f 18 161 79
f 92 87 161
f 89 87 24
f 18 162 92
f 17 162 77
f 91 85 162
f 92 85 22
f 28 163 106
f 26 163 95
f 105 103 163
f 106 103 32
f 60 100 2
f 60 99 164
f 99 96 164
f 100 96 27
f 50 97 6
f 50 100 165
f 100 94 165
f 97 94 25
f 57 99 4
f 57 98 166
f 98 95 166
f 99 95 28
f 31 167 114
f 32 167 104
f 113 112 167
f 114 112 35
f 26 168 105
f 25 168 93
f 107 101 168
f 105 101 30
f 27 169 108
f 28 169 96
f 106 104 169
f 108 104 31
f 25 170 107
f 27 170 94
f 108 102 170
f 107 102 29
f 140 134 46
f 140 121 171
f 171 38 119
f 171 40 134
f 29 172 115
f 31 172 102
f 114 110 172
f 115 110 33
f 32 173 113
f 30 173 103
f 116 111 173
f 113 111 36
f 30 174 116
f 29 174 101
f 115 109 174
f 116 109 34
f 37 175 117
f 39 175 118
f 175 40 119
f 175 38 117
f 139 121 45
f 139 123 176
f 176 37 117
f 176 38 121
f 138 136 48
f 138 134 177
f 177 40 120
f 177 39 136
f 137 123 47
f 137 136 178
f 178 39 118
f 178 37 123
f 43 179 126
f 44 179 128
f 179 42 125
f 179 41 126
f 24 180 132
f 22 180 87
f 180 42 127
f 180 44 132
f 22 181 131
f 21 181 85
f 181 41 125
f 181 42 131
f 23 182 129
f 24 182 88
f 182 44 128
f 182 43 129
f 33 183 135
f 35 183 110
f 124 137 183
f 135 137 47
f 35 184 124
f 36 184 112
f 122 138 184
f 124 138 48
f 34 185 133
f 33 185 109
f 135 139 185
f 133 139 45
f 36 186 122
f 34 186 111
f 133 140 186
f 122 140 46
f 5 58 141
f 7 65 141
f 65 10 63
f 66 141 63
f 4 53 142
f 53 3 55
f 55 7 52
f 142 52 8
f 8 52 143
f 52 7 58
f 58 5 54
f 143 54 6
f 49 144 98
f 49 6 97
f 97 25 93
f 98 144 93
f 2 51 145
f 51 1 56
f 56 3 53
f 145 53 4
f 6 54 146
f 54 5 59
f 59 1 51
f 146 51 2
f 11 64 147
f 12 73 147
f 73 16 72
f 74 147 72
f 3 56 148
f 1 67 148
f 67 11 62
f 68 148 62
f 1 59 149
f 5 66 149
f 66 12 64
f 67 149 64
f 7 55 150
f 3 68 150
f 68 9 61
f 65 150 61
f 16 71 151
f 14 81 151
f 81 18 79
f 82 151 79
f 9 62 152
f 11 74 152
f 74 15 70
f 75 152 70
f 12 63 153
f 10 76 153
f 76 14 71
f 73 153 71
f 10 61 154
f 9 75 154
f 75 13 69
f 76 154 69
f 19 80 155
f 20 89 155
f 89 24 88
f 90 155 88
f 14 69 156
f 13 83 156
f 83 17 77
f 81 156 77
f 15 72 157
f 16 82 157
f 82 20 80
f 84 157 80
f 13 70 158
f 15 84 158
f 84 19 78
f 83 158 78
f 21 86 159
f 23 129 159
f 159 129 43
f 159 126 41
f 17 78 160
f 19 90 160
f 90 23 86
f 91 160 86
f 20 79 161
f 18 92 161
f 92 22 87
f 89 161 87
f 18 77 162
f 17 91 162
f 91 21 85
f 92 162 85
f 28 95 163
f 26 105 163
f 105 30 103
f 106 163 103
f 60 164 100
f 60 4 99
f 99 28 96
f 100 164 96
f 50 165 97
f 50 2 100
f 100 27 94
f 97 165 94
f 57 166 99
f 57 8 98
f 98 26 95
f 99 166 95
f 31 104 167
f 32 113 167
f 113 36 112
f 114 167 112
f 26 93 168
f 25 107 168
f 107 29 101
f 105 168 101
f 27 96 169
f 28 106 169
f 106 32 104
f 108 169 104
f 25 94 170
f 27 108 170
f 108 31 102
f 107 170 102
f 140 171 134
f 140 45 121
f 171 121 38
f 171 119 40
f 29 102 172
f 31 114 172
f 114 35 110
f 115 172 110
f 32 103 173
f 30 116 173
f 116 34 111
f 113 173 111
f 30 101 174
f 29 115 174
f 115 33 109
f 116 174 109
f 37 118 175
f 39 120 175
f 175 120 40
f 175 119 38
f 139 176 121
f 139 47 123
f 176 123 37
f 176 117 38
f 138 177 136
f 138 46 134
f 177 134 40
f 177 120 39
f 137 178 123
f 137 48 136
f 178 136 39
f 178 118 37
f 43 128 179
f 44 127 179
f 179 127 42
f 179 125 41
f 24 87 180
f 22 131 180
f 180 131 42
f 180 127 44
f 22 85 181
f 21 130 181
f 181 130 41
f 181 125 42
f 23 88 182
f 24 132 182
f 182 132 44
f 182 128 43
f 33 110 183
f 35 124 183
f 124 48 137
f 135 183 137
f 35 112 184
f 36 122 184
f 122 46 138
f 124 184 138
f 34 109 185
f 33 135 185
f 135 47 139
f 133 185 139
f 36 111 186
f 34 133 186
f 133 45 140
f 122 186 140
